16	10	12	39	47	7
35	1	42	36	41	22
6	34	20	26	12	33
2	13	4	22	12	36
18	27	1	11	16	3
23	4	21	22	3	7
41	9	43	49	3	35
10	44	19	17	42	11
42	41	10	25	34	22
42	24	28	25	33	10
26	13	11	38	27	6
16	15	37	19	2	24
25	3	20	22	23	38
32	18	15	28	2	3
46	41	24	4	8	21
29	41	4	36	28	19
35	17	48	2	43	5
24	19	47	15	3	40
27	45	8	6	11	21
35	14	45	28	47	20
19	30	17	18	4	31
42	12	34	9	28	6
28	8	7	15	24	19
23	19	38	25	15	32
49	17	7	33	32	41
41	23	43	11	15	38
39	8	5	44	10	27
34	10	31	19	25	48
14	16	9	26	30	37
1	44	28	12	18	43
6	11	48	39	25	4
3	41	20	44	11	6
45	15	7	20	43	42
43	45	16	18	5	8
42	38	49	37	5	28
39	26	36	43	48	46
18	4	43	48	7	15
30	24	47	34	20	45
17	34	9	20	49	2
41	13	40	48	12	25
42	7	21	30	28	35
28	3	47	49	5	19
16	27	48	49	30	31
45	9	22	11	38	28
45	3	49	31	32	22
11	28	2	4	6	36
14	12	37	30	13	21
2	12	39	11	21	31
45	34	12	25	23	44
40	47	10	34	28	6
40	7	21	30	39	11
30	24	4	31	6	20
38	29	46	8	44	27
23	33	11	29	27	35
37	1	44	14	18	33
5	3	22	30	33	32
7	44	40	28	19	2
6	47	37	41	43	22
43	7	49	22	16	44
15	29	22	47	39	46
14	34	19	20	47	27
29	25	20	22	24	42
30	12	1	27	47	49
36	22	46	38	9	13
22	10	26	29	18	24
17	49	46	4	25	47
14	34	5	44	26	40
24	5	20	42	38	44
25	49	15	42	38	40
26	43	27	21	1	19
25	13	47	16	1	34
37	38	6	44	43	16
40	11	12	2	4	21
38	47	48	35	9	39
38	40	30	14	8	32
27	30	24	23	39	26
2	16	35	27	47	17
3	46	24	15	26	16
20	36	19	1	33	8
30	7	26	17	25	40
11	40	49	13	47	15
19	45	43	10	44	9
48	16	31	26	29	3
3	47	24	45	1	13
33	34	21	35	45	44
25	44	23	32	45	31
36	47	44	28	35	43
20	48	1	33	2	21
8	29	17	22	16	27
13	12	21	19	36	14
37	14	24	43	10	46
11	45	6	35	32	47
3	27	28	8	5	1
42	40	4	30	46	35
26	25	9	36	10	23
7	41	36	19	29	11
8	14	3	12	48	13
37	3	5	31	23	35
12	18	39	38	40	16
26	17	38	9	2	4
25	46	38	22	20	18
8	36	11	42	31	27
27	23	6	45	15	39
17	25	45	3	2	32
14	23	18	32	34	43
33	31	26	18	34	38
22	20	17	38	5	10
17	36	34	30	14	39
25	9	15	4	20	37
40	33	2	48	13	31
3	16	5	36	46	30
49	8	13	3	43	27
31	26	10	20	41	9
27	49	40	14	11	41
43	42	13	23	10	14
16	39	4	3	28	26
31	12	8	7	17	48
43	23	42	17	45	10
4	41	29	35	30	38
47	46	33	24	7	27
21	4	32	9	2	48
43	29	20	1	13	24
36	48	25	13	39	7
7	8	25	31	22	47
40	31	8	27	21	45
34	30	27	18	44	11
44	9	17	15	4	31
16	5	34	17	28	11
2	24	48	13	10	25
47	29	6	15	28	10
15	21	37	47	16	22
43	30	39	3	19	10
48	9	17	30	8	16
15	27	17	37	18	11
44	34	28	29	23	39
16	11	10	7	19	37
2	43	47	36	41	14
3	8	31	35	27	44
47	9	10	17	46	7
38	19	16	42	49	10
25	45	17	41	5	1
16	15	36	20	2	21
28	43	25	13	38	27
15	36	45	25	6	27
41	12	48	31	35	21
29	28	5	43	37	8
9	40	47	39	30	1
11	17	18	6	13	47
45	43	25	35	21	49
29	28	26	17	37	16
3	27	38	35	14	25
7	37	13	33	4	48
5	16	48	29	38	10
6	26	17	12	14	45
36	19	27	38	26	20
12	14	26	11	20	4
37	42	43	39	9	14
16	25	24	44	8	28
37	8	16	15	43	25
11	33	20	19	23	35
2	18	41	45	47	49
1	6	22	25	44	26
37	33	35	13	2	32
26	28	18	11	7	5
40	42	10	3	29	9
6	5	12	23	43	4
44	47	15	20	6	5
46	19	30	34	22	6
14	39	4	33	42	10
19	44	28	5	2	26
16	42	6	31	24	43
24	36	26	27	14	31
34	38	43	28	29	39
38	1	42	14	21	43
47	21	42	9	13	12
15	11	12	32	27	45
28	46	3	8	26	14
34	25	45	46	18	21
29	1	39	42	44	11
14	32	27	7	1	47
48	15	27	13	22	2
33	17	7	27	47	30
4	13	19	29	20	22
47	8	4	48	30	49
26	4	3	38	45	33
14	2	5	10	9	42
47	10	46	29	31	44
18	39	30	38	7	25
41	42	1	29	15	23
36	11	45	13	12	15
37	33	21	23	39	15
41	24	44	47	22	35
27	26	49	12	15	33
45	24	33	3	14	28
23	43	5	21	7	4
29	20	48	36	10	46
18	36	1	19	46	4
2	16	19	42	29	13
3	40	41	1	21	27
29	8	31	13	5	47
5	27	47	31	23	36
37	45	10	32	3	43
26	16	15	5	28	27
14	36	17	29	32	19
41	28	29	16	31	12
2	37	42	12	21	44
5	15	29	6	22	46
26	2	17	19	32	41
32	8	10	24	20	11
46	19	17	26	31	23
43	31	21	15	13	46
37	41	19	49	11	26
11	41	44	5	28	1
4	48	5	46	33	41
19	22	14	24	18	29
33	49	30	17	1	45
34	3	20	47	37	31
32	49	36	18	22	29
9	10	17	11	33	29
24	38	6	8	1	4
11	39	42	10	36	21
34	25	21	44	1	29
45	48	14	46	18	16
32	29	16	26	49	6
37	43	41	22	5	39
1	6	34	48	46	37
25	32	35	15	11	37
15	18	9	32	40	25
3	4	12	9	34	47
20	25	49	7	37	4
36	46	23	9	47	41
36	5	49	4	45	21
36	23	10	30	6	28
19	33	36	24	42	15
11	16	44	48	21	32
49	15	23	6	20	19
44	19	31	36	20	49
24	40	26	13	7	14
24	7	3	6	45	10
49	29	31	36	26	43
7	22	34	25	40	47
26	18	49	33	20	23
31	36	22	49	33	34
37	24	16	49	20	3
24	43	32	6	14	27
4	12	23	40	3	8
28	46	10	40	27	24
28	26	23	1	41	24
19	17	11	21	48	24
40	39	47	44	9	8
49	41	28	8	37	12
44	30	34	11	26	43
45	1	43	11	12	5
46	17	32	42	2	9
15	22	29	38	39	4
27	13	12	40	16	28
34	1	49	3	31	19
15	45	4	11	17	40
19	30	32	8	11	35
34	25	7	15	43	36
22	35	29	21	33	26
16	22	21	9	34	31
39	15	49	8	33	18
15	30	32	49	47	13
20	14	13	15	28	49
38	25	44	42	36	22
42	35	17	22	30	18
10	32	22	27	36	16
23	10	39	29	12	33
15	48	7	41	5	19
24	46	26	4	23	14
9	46	40	33	43	21
31	10	36	33	12	7
24	48	10	1	41	33
46	24	43	23	20	18
8	20	44	26	41	42
1	46	27	35	7	26
30	16	36	5	26	11
47	44	11	6	18	21
9	7	44	31	25	37
33	41	28	35	34	32
18	9	25	30	35	45
43	2	22	24	21	42
26	46	5	4	22	1
42	24	30	14	25	36
45	40	14	43	22	18
30	19	42	39	8	45
20	17	5	13	43	4
16	17	41	31	19	3
26	20	22	18	11	10
36	49	48	22	14	1
22	10	15	11	47	9
38	3	37	7	48	6
8	13	16	11	31	40
37	43	45	29	48	5
33	38	32	17	1	9
9	45	36	42	1	16
20	34	25	32	37	6
12	47	23	37	24	29
43	13	35	46	22	24
24	14	9	26	45	17
31	44	46	23	37	7
18	48	10	47	19	31
10	14	48	37	47	23
23	46	4	49	48	37
44	6	9	1	40	24
6	44	24	47	38	33
21	36	27	29	43	45
26	9	37	20	10	4
24	23	16	33	36	14
23	25	45	31	36	37
24	46	49	28	47	42
16	44	28	30	12	27
19	27	25	5	47	37
37	41	1	36	14	24
19	41	17	29	36	21
17	29	20	36	14	3
36	5	23	49	28	20
40	35	26	46	44	24
42	1	12	7	44	19
6	39	48	4	5	32
43	26	25	28	33	47
40	16	7	27	28	14
40	8	20	37	10	17
3	37	10	7	23	5
2	23	13	11	9	33
40	11	1	5	46	17
31	22	9	26	6	8
10	43	34	44	36	3
17	6	24	9	3	16
8	14	43	17	38	36
14	35	10	4	38	47
27	1	20	47	7	10
25	21	18	40	2	26
15	8	12	1	42	11
48	40	36	45	3	16
20	34	25	7	31	33
8	9	45	43	23	18
7	11	41	9	24	17
41	7	33	23	48	17
12	34	48	17	25	15
18	26	22	1	13	46
30	14	19	22	29	46
16	42	4	33	3	35
16	14	24	12	19	23
25	1	18	20	44	37
25	44	10	21	29	37
35	14	21	38	15	19
35	7	39	3	38	40
33	17	13	34	26	25
26	36	27	48	14	44
10	34	30	21	13	7
42	14	40	2	8	27
30	21	47	42	8	40
37	34	18	43	26	23
7	3	24	28	16	1
48	15	41	11	33	7
20	47	45	24	5	21
31	40	2	7	10	42
37	7	9	45	31	17
21	22	14	6	23	33
32	11	23	45	42	21
18	32	40	37	11	36
9	26	30	48	2	39
4	20	35	21	7	13
42	3	47	9	23	24
1	2	48	13	18	46
25	9	3	16	41	37
27	16	44	11	49	38
41	21	44	20	19	36
41	12	31	37	27	29
47	45	9	34	33	48
12	15	29	9	48	17
8	13	7	37	48	17
39	42	38	7	10	12
35	40	36	45	26	19
5	48	17	20	32	28
49	16	41	1	28	10
30	25	6	46	5	48
34	4	11	10	8	38
46	6	21	8	18	40
33	36	1	7	48	10
40	30	37	39	31	46
22	14	5	19	46	2
27	17	31	28	15	7
3	21	43	6	49	7
14	49	48	34	1	13
15	41	39	42	27	38
6	9	11	18	23	29
16	6	13	12	43	37
43	41	10	33	37	38
47	22	4	36	19	24
39	34	3	22	31	25
48	22	41	20	44	18
17	33	1	21	30	7
26	46	28	36	49	8
42	10	37	3	25	14
20	42	24	34	13	21
14	5	17	6	21	46
35	37	29	7	14	21
12	41	25	40	3	1
8	31	3	32	18	5
14	33	37	34	27	7
40	37	39	9	49	27
9	8	47	24	41	31
16	39	2	34	6	38
5	25	8	21	17	6
43	15	45	17	39	48
36	15	10	23	30	21
17	49	32	29	2	24
11	42	8	10	43	47
5	19	11	49	13	8
32	34	2	8	23	3
2	24	44	6	42	33
26	49	46	6	20	28
30	37	38	25	32	27
5	20	46	36	6	3
3	21	27	35	1	26
25	24	38	31	34	49
49	47	25	21	12	19
4	40	23	6	30	9
16	23	45	44	43	24
44	38	47	17	12	27
49	36	3	48	45	5
31	38	11	23	14	44
45	36	37	25	10	30
14	27	34	33	24	40
3	21	36	39	8	25
3	16	36	32	17	9
48	25	18	2	29	3
7	17	18	39	40	6
40	16	25	24	29	26
10	28	23	46	31	30
48	18	42	8	21	34
40	26	15	11	41	25
25	30	7	35	29	10
17	2	45	4	9	28
26	3	13	30	29	5
25	44	20	6	3	5
26	16	22	4	9	48
16	7	38	29	48	21
42	28	34	46	4	14
25	21	5	15	42	12
45	49	12	34	4	14
15	14	16	21	26	45
1	26	23	30	28	22
43	38	25	21	10	9
16	32	4	17	10	36
39	49	29	11	24	26
32	23	36	21	28	17
27	34	29	23	25	4
27	21	22	39	2	23
25	29	13	5	20	28
10	30	4	21	44	27
40	25	33	17	38	49
25	24	8	2	11	16
2	28	44	3	26	27
28	25	12	7	3	14
44	46	27	7	19	23
29	21	11	30	25	8
47	1	49	5	40	45
6	4	18	48	34	37
32	19	17	25	43	18
10	9	26	11	12	16
36	27	46	30	14	3
19	2	4	38	28	23
11	9	12	17	18	32
28	26	27	11	34	17
47	7	3	33	39	34
34	16	30	49	45	9
46	10	48	33	36	34
29	2	22	33	4	47
44	20	22	16	30	2
37	39	40	33	27	12
13	43	33	10	17	4
44	9	18	33	22	13
23	46	35	18	45	40
32	48	28	13	21	42
8	26	44	11	17	32
10	2	42	16	15	12
23	1	16	40	35	32
36	19	9	3	43	6
21	13	26	5	23	37
47	12	4	32	2	21
23	34	38	10	44	46
21	26	35	28	44	12
24	40	33	29	38	27
47	36	44	28	27	18
22	49	15	20	30	44
39	5	31	38	18	7
24	12	28	4	42	19
31	4	38	8	20	19
9	26	32	8	34	14
20	35	3	43	26	23
6	10	44	42	25	46
20	37	17	14	18	24
17	24	47	21	42	39
49	9	12	5	33	27
9	47	12	30	6	1
32	35	6	20	7	19
9	35	25	20	10	8
34	29	19	43	41	10
29	49	45	16	41	48
19	24	1	3	40	39
22	46	6	23	36	25
10	30	42	12	48	34
6	49	32	3	48	14
30	41	48	3	11	23
1	46	29	41	17	6
44	6	22	33	36	30
13	10	18	46	12	15
8	5	20	49	6	7
22	20	10	3	13	45
47	11	8	22	39	29
5	14	37	12	13	27
13	12	38	46	11	29
7	21	15	1	25	40
38	12	3	29	30	27
31	1	5	4	9	13
32	25	17	11	13	28
28	33	38	3	35	8
45	49	30	33	20	44
42	15	22	9	17	13
38	36	33	35	6	43
48	7	35	11	22	13
21	41	20	22	4	44
1	40	19	18	3	12
32	11	6	21	42	46
13	36	31	5	33	24
2	28	10	7	38	8
12	38	42	48	1	37
11	19	28	49	38	20
48	30	27	19	32	29
49	11	9	17	5	20
36	22	23	33	24	39
1	38	37	12	47	9
7	30	20	12	5	8
18	37	2	10	21	41
1	12	35	17	9	47
43	10	27	9	44	34
9	35	49	21	48	40
26	17	5	13	35	9
21	25	46	43	2	27
22	17	36	14	46	47
9	29	23	20	28	41
42	12	16	48	2	19
47	28	22	36	20	29
2	17	44	28	49	36
21	23	19	8	45	5
30	28	34	48	10	4
47	33	24	29	43	5
22	11	17	23	43	12
4	28	3	37	29	24
7	34	21	28	10	18
28	49	37	33	25	7
33	37	44	1	17	45
3	8	35	11	31	25
26	38	4	17	40	11
46	43	39	23	21	2
47	34	5	2	31	30
19	23	35	48	41	28
7	6	3	38	43	5
45	17	41	6	47	49
31	22	13	2	8	39
43	24	36	41	17	23
24	2	34	47	33	45
12	42	18	8	40	49
21	10	31	13	28	9
17	19	2	36	34	27
46	4	30	48	2	36
16	40	10	2	37	23
32	45	36	21	38	9
21	43	23	28	8	37
12	34	47	18	4	1
33	48	24	13	16	28
1	38	19	11	16	49
48	21	39	24	29	25
41	42	32	6	22	49
10	30	19	17	6	23
36	28	20	21	49	17
23	41	44	2	4	1
18	43	28	47	7	46
49	43	37	23	31	44
30	1	14	20	41	42
38	31	17	41	40	18
4	9	35	16	14	23
4	20	36	46	11	17
34	24	23	10	5	8
18	17	13	29	11	40
11	1	23	18	37	5
18	43	38	28	6	27
44	1	17	25	15	46
2	43	40	34	35	6
3	31	24	17	12	47
23	11	25	18	9	3
18	2	46	3	30	38
49	19	34	17	45	41
36	42	34	29	47	37
32	21	18	49	7	5
2	34	27	11	14	7
21	26	45	34	10	1
7	21	1	6	14	39
13	22	4	15	32	31
45	23	34	20	48	8
45	43	30	21	42	33
48	22	15	12	18	1
47	45	39	11	14	23
10	43	9	7	45	3
18	27	12	23	20	3
18	31	6	26	15	47
19	47	29	33	20	32
3	19	29	39	1	43
9	4	41	11	17	42
7	23	14	45	18	48
41	44	26	21	13	16
39	27	9	13	22	10
15	38	12	10	5	7
39	2	13	32	4	18
28	30	7	36	33	15
32	41	1	27	30	37
22	4	45	49	10	40
26	43	31	38	22	2
8	21	13	47	29	48
41	40	31	27	28	36
40	30	22	16	7	34
9	17	28	36	19	33
43	2	26	29	12	6
13	42	15	37	7	4
12	26	6	40	24	34
41	3	35	17	6	4
34	6	40	1	12	46
21	47	2	10	29	16
2	45	10	4	9	31
14	31	8	16	2	42
25	7	2	45	35	49
10	21	39	34	5	22
28	21	3	23	41	38
4	32	27	31	46	20
44	40	31	10	12	48
1	24	35	31	47	21
25	37	35	12	9	45
46	18	33	31	14	30
6	10	16	24	9	5
22	24	2	49	38	23
36	22	25	29	42	11
5	27	36	26	1	2
7	28	16	27	25	37
3	4	42	14	35	45
47	16	46	23	9	34
49	12	4	40	32	44
28	19	40	33	10	45
38	34	43	22	29	17
46	31	44	39	45	34
12	37	45	25	4	26
30	43	35	20	17	31
32	40	38	28	21	29
38	27	44	43	32	49
20	5	45	35	26	21
40	20	26	15	45	36
19	46	35	40	43	16
11	42	45	14	19	16
14	8	27	26	6	43
44	17	5	34	31	10
7	42	34	46	40	1
35	13	46	18	49	28
38	17	48	28	15	45
44	46	18	27	42	2
33	46	30	44	18	41
26	11	32	31	17	6
26	2	43	14	48	20
44	28	24	42	8	6
15	27	45	41	18	12
46	49	15	16	35	18
41	40	30	10	32	21
49	21	37	48	14	9
8	24	13	40	32	11
41	38	42	30	1	45
10	28	43	46	49	23
24	41	39	26	38	15
19	14	26	9	45	6
26	31	34	33	43	6
26	43	49	42	13	15
35	31	18	12	10	30
21	20	5	4	9	32
18	40	45	20	17	49
16	10	7	46	4	32
21	1	18	23	5	25
5	13	38	11	27	47
28	38	35	37	9	43
10	43	21	28	22	40
31	2	10	24	7	28
16	41	24	31	2	49
49	44	24	35	10	11
21	25	11	20	19	44
5	41	44	35	30	7
5	32	38	13	45	39
34	7	30	19	21	2
20	11	27	46	2	15
20	43	26	15	17	6
49	34	14	17	25	9
21	40	23	25	41	48
27	6	22	4	11	43
30	28	37	49	47	33
20	4	30	16	44	26
22	41	4	17	38	29
3	29	42	45	18	20
44	47	23	14	18	24
36	1	19	46	44	31
30	13	2	27	39	32
44	29	11	40	9	2
32	47	11	7	21	8
24	26	3	10	39	29
21	28	11	25	23	20
45	15	6	2	3	28
4	14	17	12	11	31
30	3	26	12	5	22
3	40	9	17	30	12
35	1	49	21	24	4
24	33	34	12	6	25
13	38	46	34	25	22
18	29	3	31	17	13
36	37	10	8	49	40
5	10	32	29	45	37
48	16	2	46	29	45
15	11	23	45	8	12
37	19	32	31	5	14
3	6	45	31	16	27
22	6	1	27	34	15
36	4	30	26	31	27
7	47	21	33	38	24
47	21	9	35	19	15
42	10	33	38	4	23
28	6	35	36	2	21
49	22	17	21	23	24
8	45	3	46	49	26
2	41	23	3	5	4
15	7	30	48	25	32
10	36	44	35	19	39
11	5	3	43	38	35
12	8	37	17	20	9
14	46	21	2	10	17
40	42	14	47	24	30
33	23	34	49	16	3
34	35	16	33	42	23
13	42	18	15	41	5
25	2	46	45	39	47
45	39	34	21	5	19
44	34	9	49	12	26
42	8	45	41	48	3
11	27	1	35	2	30
16	48	24	14	27	28
33	48	34	20	11	3
9	21	14	27	6	19
24	28	8	31	20	13
21	43	38	49	11	20
25	7	36	12	43	33
12	9	35	45	27	25
29	43	48	13	6	25
2	42	6	13	34	40
29	28	45	44	40	18
48	8	43	34	44	30
40	29	5	44	49	7
36	6	19	24	3	28
30	20	6	29	1	3
29	35	13	48	22	9
24	38	43	22	37	31
3	13	33	7	49	2
14	22	42	11	26	49
32	17	43	14	40	23
49	32	4	12	23	24
12	41	32	8	35	16
14	25	47	22	17	4
30	44	45	7	39	48
28	41	31	45	9	12
26	36	7	28	1	46
4	17	11	44	39	31
41	27	21	47	43	14
17	49	13	24	10	3
7	49	40	25	38	37
1	15	47	36	8	48
12	46	26	30	27	9
22	30	1	40	32	12
16	44	43	17	47	12
49	31	16	7	24	28
16	26	47	46	32	8
36	40	24	10	35	17
22	20	17	9	13	29
8	1	35	46	2	22
1	19	35	49	27	32
39	40	43	35	41	48
35	15	24	45	22	4
33	38	22	47	8	28
45	34	7	6	14	30
22	45	40	48	33	49
15	21	23	38	37	16
19	11	48	30	2	18
22	6	39	41	14	45
9	40	23	38	49	15
36	15	44	14	26	35
13	28	49	1	6	10
11	33	25	48	46	36
41	34	14	49	33	16
23	3	36	20	30	8
39	42	14	8	40	1
32	31	23	48	47	27
21	11	31	45	36	7
31	35	4	6	30	3
40	16	27	39	29	42
24	37	3	39	32	26
39	42	25	43	12	24
23	33	34	42	41	35
16	10	45	17	48	41
13	8	12	35	48	38
30	24	38	14	43	47
3	45	24	29	7	41
18	46	6	7	24	41
4	27	38	36	35	10
34	37	21	23	10	22
40	35	28	9	12	18
21	31	36	39	3	6
2	30	3	6	9	20
46	44	20	28	21	18
38	4	32	34	5	47
7	9	29	18	21	26
12	19	22	20	30	38
46	19	28	32	24	37
16	31	44	4	28	5
35	12	11	13	20	48
39	20	35	6	19	28
35	28	31	41	18	39
17	22	11	10	8	35
9	28	12	25	5	14
28	36	25	17	32	13
5	8	10	41	2	29
21	34	5	35	46	7
45	26	35	23	8	1
43	30	4	29	1	17
26	24	7	5	46	29
41	5	29	33	22	21
49	45	22	46	17	20
39	45	40	31	35	13
29	48	26	42	9	2
26	24	15	39	47	30
34	49	21	42	39	37
47	32	9	43	19	20
38	2	18	9	1	21
1	49	48	2	18	46
23	5	4	37	19	34
49	10	3	46	22	18
13	10	47	9	36	46
31	21	9	8	19	32
42	17	33	44	16	46
49	43	17	37	21	13
34	4	8	47	18	17
16	5	11	38	42	19
12	47	36	16	31	44
41	26	27	19	7	1
25	28	9	17	35	18
17	30	19	5	2	42
7	13	33	44	46	3
3	14	20	16	27	32
26	24	42	29	6	3
36	16	4	10	39	19
1	43	5	48	37	15
43	48	6	11	13	29
9	25	2	4	30	40
35	15	36	37	47	1
13	41	5	28	46	11
26	31	29	40	5	16
29	25	1	49	19	30
6	26	25	20	49	32
29	13	20	3	40	38
11	42	37	22	14	12
40	49	26	14	45	38
24	21	8	13	32	33
13	11	49	5	42	2
17	29	27	44	12	39
21	43	11	3	29	47
34	48	40	27	6	31
5	30	34	2	40	21
2	8	16	29	18	35
41	10	4	20	8	3
3	22	14	24	40	38
20	40	32	14	5	31
4	29	44	42	12	30
49	33	5	6	14	42
40	6	16	1	46	13
38	4	36	6	33	29
40	3	31	24	26	32
19	8	43	45	39	15
16	26	43	9	3	12
23	3	48	49	9	30
38	37	19	9	3	16
47	32	6	14	22	19
38	47	13	12	19	30
35	48	7	33	27	26
27	6	41	9	31	33
41	28	10	18	38	29
11	24	22	41	28	13
43	16	49	31	18	20
28	46	30	31	44	24
40	11	14	39	4	32
30	23	43	32	28	9
41	11	42	30	19	38
38	31	19	13	34	6
45	5	15	21	28	17
27	6	9	8	17	3
49	36	26	42	5	4
46	19	7	18	17	40
12	4	33	5	10	7
11	49	14	28	46	17
1	47	2	27	37	24
47	5	46	2	13	8
20	12	40	14	9	5
6	1	16	39	38	10
19	47	49	2	46	29
2	37	22	12	42	24
13	27	45	16	19	41
7	13	45	11	10	37
23	11	8	4	22	25
16	23	19	20	25	30
1	39	49	35	3	10
5	31	38	29	46	20
6	39	41	23	31	22
4	21	37	45	27	15
31	19	16	39	45	40
26	48	42	44	10	33
24	46	47	2	31	1
24	42	46	13	33	2
43	40	30	11	19	37
15	22	24	27	10	20
18	16	4	8	48	3
42	48	4	46	5	39
27	38	15	43	49	11
16	36	12	37	46	9
34	7	47	10	1	2
38	37	32	3	34	39
33	39	43	44	15	7
44	46	33	28	5	13
48	35	19	37	24	28
40	45	33	37	31	3
18	25	29	23	9	35
46	18	17	24	39	8
38	7	44	41	3	2
1	39	31	46	49	48
10	19	14	28	45	44
8	22	5	32	34	45
15	23	32	35	47	6
24	28	38	42	17	5
13	16	1	22	34	26
11	10	5	48	49	35
34	46	49	31	25	27
10	9	19	31	16	49
27	42	46	5	23	31
38	40	9	19	2	22
42	32	36	9	41	20
26	45	2	10	29	46
35	39	29	30	38	41
48	35	14	8	17	10
45	31	17	18	44	30
1	41	49	35	8	16
18	29	38	5	31	22
49	21	24	5	8	39
30	34	49	1	5	29
37	23	14	13	45	20
39	36	6	24	43	25
13	37	41	47	2	27
29	21	1	14	18	7
27	32	43	11	7	5
36	3	14	43	38	4
49	15	37	21	48	7
22	13	19	14	30	35
4	46	35	12	39	15
13	19	4	31	49	20
14	5	1	32	37	49
42	5	32	11	24	21
27	2	4	8	13	40
11	31	3	28	44	13
18	48	12	11	13	5
25	46	49	39	17	7
4	1	32	13	29	8
17	45	19	4	37	38
29	47	10	36	16	21
30	24	15	7	36	1
41	21	2	44	3	26
6	28	35	46	38	3
43	19	7	27	18	44
8	35	4	20	17	14
25	32	4	11	15	29
15	39	9	7	14	13
18	17	12	48	29	1
42	1	4	11	16	47
21	33	14	8	23	30
34	44	4	42	6	3
8	21	4	48	23	30
29	44	33	36	40	6
5	27	43	46	14	22
26	35	37	30	42	9
42	25	36	17	26	35
29	8	33	42	46	12
3	39	40	48	19	46
7	10	40	45	31	14
7	29	2	19	32	13
17	7	38	3	23	13
49	14	10	47	42	35
5	30	15	34	22	24
16	13	20	1	28	14
43	49	44	21	9	10
13	46	21	41	2	34
35	41	30	22	14	44
25	12	49	5	20	27
18	38	12	39	25	6
4	41	29	9	26	20
35	2	12	44	34	27
32	12	4	44	13	17
7	12	43	21	33	47
13	43	2	23	25	36
27	31	41	6	48	9
22	4	48	15	17	23
38	47	39	43	8	46
49	42	38	41	26	44
49	13	32	36	9	23
5	42	33	32	8	49
3	8	45	12	49	19
24	34	27	40	28	49
7	12	23	46	24	40
6	41	43	3	11	49
48	49	30	17	42	38
9	26	1	46	32	2
11	2	22	39	46	27
27	12	38	20	6	25
42	33	48	31	44	1
30	45	1	10	16	14
27	43	35	34	10	47
46	5	7	37	44	22
8	6	35	29	13	36
7	37	9	35	1	30
21	9	23	26	5	35
33	9	15	39	23	6
7	4	23	48	36	47
48	32	34	19	31	4
34	26	17	21	39	49
8	7	17	35	6	20
32	28	38	22	40	43
4	43	36	33	18	34
44	38	4	40	42	46
5	13	33	10	15	8
32	12	28	38	25	31
19	37	36	3	27	34
14	47	29	40	8	6
22	32	8	49	1	37
24	29	13	20	48	8
6	41	15	35	28	4
2	47	16	1	26	21
28	33	45	41	15	24
19	43	22	32	1	6
27	16	30	23	29	6
15	16	41	46	45	42
8	48	39	38	13	36
46	12	39	26	23	49
20	8	22	4	14	35
47	29	31	7	24	16
38	27	46	15	8	49
29	17	47	3	7	26
28	5	46	22	27	49
10	2	42	45	15	11
39	32	4	12	18	10
44	36	20	49	24	47
21	29	22	11	41	38
19	28	26	39	45	8
7	9	6	4	13	36
14	11	2	26	34	36
31	27	19	20	11	28
38	31	49	2	8	10
3	19	33	39	29	26
1	36	8	27	19	3
38	22	44	34	36	45
32	28	48	25	16	38
33	48	47	28	26	41
1	31	40	30	42	33
9	21	30	42	38	34
31	37	36	9	24	30
13	33	1	3	18	32
16	31	30	46	25	4
8	17	23	13	34	35
34	6	18	38	4	30
20	3	15	13	6	12
47	5	6	46	9	15
10	16	40	17	3	9
42	20	27	31	4	28
5	49	14	27	34	19
22	9	8	31	2	44
32	2	28	40	37	27
49	4	20	46	40	30
25	10	13	15	20	37
15	2	23	17	42	30
37	33	4	31	7	30
31	13	45	20	41	46
22	36	47	6	37	4
5	24	12	14	43	20
34	29	41	49	32	5
25	38	48	29	24	35
31	42	5	34	11	14
17	19	14	47	46	16
30	29	3	27	17	4
32	3	31	9	30	16
41	47	24	20	29	12
6	23	12	44	5	24
35	3	4	49	13	19
21	12	25	33	32	18
40	1	20	36	35	29
48	19	8	29	33	44
25	6	38	13	29	18
8	45	35	32	34	47
24	21	44	20	17	13
39	1	38	11	22	10
6	16	36	12	30	28
20	3	48	30	26	38
21	30	4	25	22	37
40	5	3	41	17	25
46	14	6	37	11	15
19	36	14	9	16	49
40	46	38	17	43	12
7	9	45	14	41	35
25	30	23	21	47	6
11	9	25	23	31	18
19	43	32	45	24	3
41	48	6	40	3	10
34	13	5	15	20	26
6	34	35	25	18	29
1	5	40	9	43	36
46	45	18	15	42	26
32	15	39	4	40	29
11	32	19	48	34	14
18	35	44	42	9	38
1	25	38	3	49	21
26	42	35	47	33	7
40	16	22	27	13	49
8	11	4	35	39	17
48	41	24	37	31	46
32	21	40	5	24	8
11	2	46	22	12	9
48	23	42	43	32	22
16	9	35	28	13	1
2	47	27	1	22	17
30	16	25	43	9	31
33	18	32	38	1	26
24	4	48	7	15	23
17	25	21	36	41	16
40	7	45	23	1	28
14	11	29	22	5	9
18	12	40	36	43	20
13	6	40	41	5	16
2	1	24	7	38	3
48	21	47	34	43	49
36	48	4	11	44	47
47	27	3	37	12	16
23	40	25	5	21	4
4	17	1	22	45	27
13	10	31	45	16	1
47	28	5	18	42	2
38	3	30	4	9	49
38	25	46	32	29	41
31	21	2	25	15	19
22	6	37	5	23	45
13	8	7	46	31	43
15	12	39	47	32	11
26	9	25	28	39	3
34	6	18	14	13	29
38	19	40	34	43	17
4	21	26	40	42	18
29	37	36	19	21	39
4	10	31	6	33	2
1	30	18	49	32	34
41	17	49	46	43	19
43	30	36	40	14	45
47	25	34	3	1	45
25	37	34	13	43	2
30	24	45	18	28	41
41	36	3	28	13	47
15	11	24	37	14	41
42	37	33	11	13	3
7	8	35	16	33	36
35	33	24	46	10	3
46	30	33	20	37	48
11	24	21	28	7	14
29	21	20	39	14	10
42	8	15	41	20	24
23	25	21	8	24	15
41	16	19	27	39	38
33	6	19	12	39	23
49	47	13	11	42	43
48	44	41	23	34	12
22	34	19	18	47	5
19	27	6	44	1	39
38	22	41	4	12	34
32	24	35	3	49	25
31	46	29	40	27	14
37	45	19	9	11	3
28	3	46	49	7	5
42	44	26	4	25	31
20	23	14	22	21	16
33	37	18	27	29	39
32	33	12	10	35	22
4	37	32	27	25	46
5	7	2	1	37	48
43	41	25	20	44	48
46	2	16	43	48	4
21	42	35	36	25	15
46	44	20	33	1	3
27	36	28	42	23	3
22	42	28	37	36	7
33	46	28	24	39	7
16	23	43	47	31	21
29	45	8	39	25	44
22	32	9	36	8	20
37	28	34	33	9	11
10	29	2	27	16	5
35	26	39	23	40	2
19	5	44	4	32	20
17	5	28	18	47	6
1	48	26	47	44	22
3	10	13	25	19	15
8	10	6	23	36	13
24	44	26	46	29	8
3	42	48	41	17	16
27	48	46	16	45	34
4	39	42	16	46	3
13	20	32	24	21	43
2	25	36	47	41	31
36	4	1	29	15	45
25	48	18	35	49	36
48	30	36	29	3	8
14	27	32	45	3	30
2	40	24	30	17	15
22	37	47	16	24	40
5	38	7	32	8	23
21	8	2	33	35	25
26	45	2	46	30	8
38	49	34	2	45	39
16	33	29	30	38	28
36	16	3	8	41	33
9	39	1	26	20	34
18	16	9	48	6	35
41	36	10	9	49	37
34	45	39	5	4	41
24	18	44	19	16	43
20	21	26	6	4	25
24	38	40	39	10	34
18	16	3	32	10	23
14	34	22	9	39	3
39	27	4	8	11	46
17	23	47	26	2	39
7	8	29	40	48	25
2	8	26	24	36	37
15	23	48	36	1	14
27	17	9	39	41	25
8	13	41	43	5	46
29	30	47	7	9	27
38	16	33	29	27	25
8	3	27	17	45	20
39	36	13	1	10	21
5	43	34	2	33	26
20	11	33	14	47	38
9	14	6	27	32	44
18	10	31	27	35	20
21	26	15	29	33	31
33	7	38	32	49	9
26	41	28	7	45	19
26	22	42	40	45	39
22	34	12	5	32	45
15	6	8	39	5	3
1	15	19	21	17	16
14	35	23	6	10	48
30	44	32	48	29	37
43	49	29	30	48	37
36	12	7	10	47	29
28	40	43	39	12	16
40	7	21	45	32	46
28	4	11	37	19	47
43	27	9	8	30	45
27	37	42	38	22	3
34	28	29	16	9	3
46	13	45	37	17	26
35	15	13	37	25	47
9	29	45	17	14	26
11	17	16	4	10	29
41	45	11	3	28	23
23	30	22	3	41	19
45	10	25	3	37	13
25	30	1	42	28	6
29	23	12	31	22	13
14	18	34	26	24	28
31	18	21	1	34	28
14	26	47	44	31	30
36	12	32	23	28	40
5	3	32	24	26	36
36	10	24	46	35	42
26	44	18	37	28	21
25	38	7	48	27	46
5	46	12	23	47	31
7	38	42	29	48	2
21	46	47	8	43	11
28	39	19	16	1	12
13	36	7	19	6	1
21	30	3	18	6	11
11	15	17	38	44	9
8	19	40	28	39	41
43	17	30	32	10	47
18	42	16	26	41	40
44	3	38	7	43	36
36	15	11	3	26	46
1	33	38	48	2	4
29	25	19	23	7	30
18	12	4	41	17	34
4	27	36	19	6	39
35	30	2	36	4	20
21	39	4	10	31	11
25	30	47	1	43	14
12	35	17	7	14	34
47	25	9	38	3	5
32	21	15	43	9	41
32	13	19	8	27	40
11	35	16	45	33	41
26	11	46	9	14	7
6	1	4	17	19	31
31	36	17	47	34	10
41	32	17	31	12	19
16	26	49	44	3	12
30	18	41	24	48	42
22	15	1	28	11	6
14	29	16	10	31	42
42	1	17	5	34	45
36	16	35	48	11	3
32	22	16	36	10	27
24	26	21	17	48	43
34	36	49	33	48	5
11	45	27	17	47	14
38	32	14	24	25	23
8	31	29	1	10	16
9	40	8	42	25	7
36	5	30	4	21	29
8	20	43	7	9	45
37	19	1	40	32	6
23	16	45	19	27	5
4	28	9	11	17	13
34	19	42	12	35	28
45	24	1	14	38	30
28	3	23	32	29	2
11	28	14	38	16	2
19	21	23	17	25	37
37	28	45	22	23	9
42	4	20	30	5	3
47	28	48	13	4	31
37	33	35	6	8	28
28	32	37	26	36	35
32	3	49	23	44	7
2	43	16	32	5	44
5	35	31	21	10	4
32	46	45	4	24	25
44	36	18	19	21	30
14	5	19	2	33	37
36	29	48	16	4	32
1	41	35	10	16	13
16	24	4	31	33	42
4	1	36	22	49	40
47	41	26	32	48	38
23	39	41	1	40	38
25	33	47	18	8	16
26	7	36	25	43	3
9	22	12	41	42	38
30	17	24	23	6	2
18	44	34	21	19	11
34	45	19	12	1	14
44	14	26	13	15	16
41	18	25	7	44	27
35	14	25	1	2	3
9	19	45	4	26	15
14	4	27	31	18	8
19	15	10	26	46	44
27	46	48	1	22	29
3	31	41	2	8	11
32	19	43	40	25	29
35	26	6	29	48	32
12	17	49	2	35	13
39	45	9	8	36	44
28	42	23	1	44	36
21	4	7	48	24	9
21	43	11	9	10	45
12	29	28	33	10	8
35	22	33	30	34	38
37	8	42	19	10	9
12	43	41	42	2	30
9	20	44	47	45	1
32	38	28	43	15	16
10	6	34	43	30	28
30	47	18	9	39	41
44	24	37	27	48	9
15	38	37	36	7	49
18	4	16	22	8	5
24	10	17	6	8	41
29	30	19	8	2	15
28	18	19	24	31	10
35	16	47	17	29	38
30	37	33	18	8	25
28	40	44	30	45	14
7	9	47	21	31	15
38	27	13	29	22	31
25	29	34	28	11	44
4	41	3	19	30	6
41	39	44	19	4	48
49	19	33	36	18	26
7	20	2	1	16	28
14	7	16	10	30	40
48	29	7	6	30	42
39	49	27	12	17	24
19	42	8	23	14	21
17	23	5	33	36	22
23	31	28	48	49	17
3	19	40	23	45	7
10	46	33	11	47	29
26	34	21	16	31	23
35	49	41	28	33	40
45	15	31	39	35	10
24	12	19	10	42	38
23	19	27	30	41	3
5	1	25	36	39	13
44	9	36	3	8	33
22	30	29	48	8	21
3	17	23	43	9	32
48	46	23	49	27	16
19	6	20	34	8	13
45	8	44	29	17	32
7	11	18	29	19	2
9	16	2	10	49	21
3	4	35	21	22	33
11	12	25	22	32	29
4	2	7	49	34	18
31	7	46	17	27	12
47	41	1	49	30	4
10	44	21	19	24	34
28	11	6	17	10	25
29	12	15	19	44	47
43	35	25	14	22	37
4	14	23	9	42	13
31	27	3	18	42	2
1	41	13	30	10	17
7	25	46	21	33	5
39	26	32	43	6	35
48	45	42	6	13	49
12	32	33	36	49	6
19	24	17	15	36	35
31	17	48	45	5	24
40	32	21	4	38	39
31	48	32	43	9	17
23	12	13	1	30	39
45	10	3	14	47	1
47	30	3	6	4	18
37	6	38	1	16	47
29	17	9	19	28	4
3	5	8	2	32	10
43	30	42	11	28	47
34	23	33	41	29	32
12	25	30	2	34	24
22	44	45	23	48	46
19	1	38	39	44	43
14	12	48	45	43	28
23	8	21	5	27	47
5	7	28	49	40	19
6	24	48	37	29	22
33	18	45	12	10	4
16	20	15	43	7	17
23	14	40	32	17	31
18	43	32	21	30	31
7	12	5	18	46	44
36	1	4	26	18	21
25	13	2	39	48	33
14	20	15	21	36	5
36	30	1	9	6	22
13	22	24	30	49	14
19	32	40	21	5	43
18	10	15	3	19	46
34	6	11	49	3	45
20	48	21	36	33	9
48	7	2	24	8	30
47	45	32	8	3	11
13	18	15	25	20	49
28	3	2	34	19	31
36	24	22	35	10	2
9	42	19	15	25	48
28	34	39	23	40	11
17	7	47	32	30	38
44	21	47	34	6	40
46	25	40	5	12	24
1	21	24	49	44	17
41	29	10	45	36	33
28	21	35	23	13	38
4	27	32	1	20	43
26	24	15	14	18	13
42	18	14	6	38	22
23	28	14	30	32	16
30	1	15	17	27	47
30	1	36	21	13	38
36	15	29	21	17	42
27	19	45	24	41	29
44	1	45	25	19	42
5	7	36	44	12	17
15	34	43	7	47	27
31	42	22	39	33	36
25	26	21	28	12	22
6	48	35	11	15	47
17	29	43	44	8	28
20	16	37	5	45	1
13	5	9	24	7	29
10	5	3	1	30	24
3	25	34	28	40	35
6	41	23	12	8	28
4	21	32	48	16	22
44	30	33	46	22	10
9	49	28	21	41	34
41	20	5	47	32	39
14	44	34	41	12	3
42	8	14	24	29	13
38	6	37	30	39	7
15	27	17	39	38	34
11	41	3	20	47	22
11	34	30	10	7	21
33	12	1	32	19	31
17	24	23	21	10	14
2	3	47	31	27	20
36	43	11	42	12	28
23	18	3	27	12	32
34	46	49	38	39	31
38	43	47	9	36	12
32	15	23	12	7	40
49	30	29	33	10	16
44	41	43	18	49	35
40	36	44	14	19	48
43	8	39	17	18	45
47	39	40	6	11	45
45	21	14	10	46	33
44	23	3	28	30	19
34	14	1	15	45	30
42	21	38	40	11	3
4	31	20	21	45	41
15	42	29	13	48	37
49	1	27	4	44	28
10	19	3	25	23	36
41	16	7	20	33	23
4	3	45	8	49	11
12	45	35	43	44	33
44	11	27	17	19	13
21	41	10	37	44	27
22	20	1	3	28	44
2	14	3	44	26	24
22	11	4	39	29	27
14	48	19	6	5	31
14	16	28	17	23	37
7	22	25	11	6	42
17	41	26	19	37	47
17	11	23	40	36	3
6	17	24	21	46	45
48	27	49	26	2	17
13	41	35	25	4	29
7	28	15	39	34	1
24	42	26	2	49	3
28	12	47	5	3	2
23	26	34	41	4	43
25	31	7	28	18	27
33	21	35	4	19	15
42	33	8	49	41	31
46	12	37	41	29	13
28	15	23	44	5	46
40	42	5	37	9	36
14	1	4	5	10	40
10	36	47	43	42	34
13	42	33	45	21	46
9	46	28	45	1	16
45	13	12	15	25	3
19	16	36	8	38	12
33	19	10	30	40	39
15	1	30	10	9	48
32	4	5	29	47	6
43	42	44	49	34	3
9	37	44	30	12	48
11	31	26	29	48	2
38	04	32	39	30	31
47	21	35	48	17	29
7	35	24	4	20	19
17	20	33	29	39	19
28	24	26	18	22	19
32	01	18	26	31	30
37	09	38	17	11	33
26	42	22	17	33	36
48	24	2	4	40	41
37	02	31	3	42	34
1	25	3	18	19	16
20	26	21	35	11	45
36	33	49	20	31	47
32	06	33	17	42	29
47	25	30	7	34	24
24	03	32	48	19	13
12	39	33	43	17	23
40	30	38	27	49	39
19	18	17	43	32	2
2	42	28	6	37	1
39	37	24	4	27	5
34	23	44	48	36	6
39	25	17	38	1	30
13	25	26	33	34	40
29	33	12	20	24	37
15	44	21	9	13	30
14	02	37	34	4	44
13	32	35	10	21	8
34	04	6	43	19	47
7	24	14	18	17	27
41	44	3	29	37	43
31	08	27	29	39	43
44	04	30	8	10	41
19	10	24	25	13	33
23	46	29	12	14	9
26	13	47	7	21	20
14	05	15	38	41	46
40	23	11	17	13	30
37	27	38	18	31	25
8	21	31	38	19	29
13	48	12	29	22	2
2	35	45	17	31	18
2	27	31	14	41	13
28	40	39	37	32	9
3	11	20	37	1	25
17	37	15	18	30	11
29	11	35	8	33	25
19	05	40	18	1	20
40	19	18	28	20	1
27	40	35	10	42	5
9	14	46	1	36	42
37	40	30	11	14	28
30	29	41	8	40	38
41	37	3	12	46	27
9	25	37	38	10	32
7	05	19	39	46	21
34	21	3	17	38	44
17	33	40	12	4	41
33	21	35	28	38	7
16	11	13	17	24	4
47	10	11	29	27	16
16	39	7	18	19	3
36	27	16	24	38	28
38	31	36	19	11	25
44	41	8	6	12	18
18	42	20	30	23	38
25	27	7	48	34	22
30	21	1	16	19	41
36	18	38	47	21	26
35	38	9	17	10	15
28	10	30	7	37	44
15	05	33	42	25	22
29	35	18	1	33	39
10	23	38	33	26	13
47	04	2	31	29	7
26	41	7	34	39	2
30	39	34	20	46	33
8	40	41	11	28	9
48	17	9	27	41	19
1	49	44	24	12	5
30	28	21	2	36	40
24	22	5	11	42	8
29	39	7	21	2	42
25	35	16	40	13	3
1	22	16	47	9	36
32	12	3	43	31	47
23	29	49	39	26	9
34	10	38	26	43	8
6	34	25	20	5	18
42	32	35	33	28	44
48	39	29	16	46	43
22	45	46	21	40	1
30	17	15	29	19	49
35	14	26	8	10	27
37	11	48	2	24	21
20	32	48	2	38	11
1	39	16	8	2	38
32	28	43	26	16	27
28	16	1	24	12	42
22	23	5	15	31	3
48	04	36	46	18	3
18	03	15	35	29	45
31	46	41	20	23	32
6	24	38	18	17	1
4	21	20	16	25	18
29	07	3	25	46	10
42	09	6	46	3	23
30	07	48	33	6	1
30	40	6	16	20	1
34	47	41	2	19	17
31	37	26	44	43	14
31	37	26	44	43	14
1	04	33	27	5	24
22	27	48	17	36	34
30	48	31	24	18	37
13	42	16	47	19	18
29	05	33	37	26	35
1	39	45	4	47	44
46	40	45	28	2	14
16	32	47	27	9	5
29	16	24	44	48	9
35	16	47	2	3	10
46	30	26	11	34	35
33	09	12	34	10	8
3	07	22	33	24	36
32	23	37	4	5	15
18	09	3	4	30	44
35	01	28	37	23	14
44	01	21	38	9	16
9	46	39	40	22	29
41	01	26	33	46	30
45	21	25	47	30	31
39	11	25	14	10	29
27	18	42	15	34	46
8	36	37	41	39	23
31	10	23	24	4	17
21	15	34	4	35	44
38	33	6	1	41	47
45	12	10	30	49	37
28	21	24	29	17	30
41	33	15	45	34	2
5	30	42	36	2	23
8	39	25	35	5	49
31	34	9	39	49	38
29	16	38	32	11	13
47	07	32	13	40	23
32	12	34	49	29	19
13	39	7	46	4	2
9	06	43	4	28	40
34	24	45	9	29	8
18	11	23	24	38	26
20	07	44	3	5	17
18	23	43	26	21	29
41	11	40	7	1	20
27	33	23	2	14	48
6	02	1	16	31	11
32	19	21	9	2	13
1	30	3	21	9	29
28	13	16	48	24	1
26	21	7	42	33	22
13	11	18	44	32	14
4	44	41	5	11	14
45	02	21	24	8	18
47	37	10	39	32	7
2	43	15	7	6	14
8	44	7	26	3	45
46	28	49	25	36	16
39	15	37	3	35	28
26	27	23	3	6	49
35	20	48	5	41	36
5	42	9	19	2	33
48	23	15	31	20	43
31	30	37	8	27	22
6	12	18	20	32	41
48	29	47	35	49	28
8	07	38	42	46	26
18	19	24	32	15	46
49	02	48	8	36	33
20	09	44	46	28	40
24	03	49	8	28	5
24	07	20	27	35	9
10	27	15	34	7	20
23	19	16	38	9	8
37	45	25	14	44	26
11	32	4	29	22	2
33	24	49	11	29	1
30	31	10	13	11	14
16	40	37	23	20	26
10	44	33	28	42	4
26	43	42	5	29	41
16	47	14	44	35	21
35	42	33	5	20	22
7	15	1	38	26	41
15	39	19	3	46	26
33	16	28	13	38	49
10	31	37	8	47	21
47	42	29	17	11	32
22	09	30	48	1	14
36	05	26	44	42	46
48	12	29	37	47	34
21	04	10	31	47	49
47	16	12	7	24	22
36	03	27	17	33	5
29	47	36	39	35	30
15	01	9	44	46	41
13	28	7	31	34	24
43	10	14	17	32	44
49	11	9	17	27	14
2	38	12	45	43	28
22	08	12	39	18	7
32	28	23	15	13	5
45	47	32	4	39	42
6	17	9	36	16	13
20	04	12	38	13	23
3	21	48	29	37	8
49	46	25	42	39	37
31	48	28	24	46	19
34	32	8	23	33	10
25	13	14	2	4	9
34	13	42	6	24	26
3	12	34	39	19	36
43	27	44	21	22	3
47	06	36	9	7	39
23	35	36	13	42	5
7	02	33	31	21	27
23	11	21	45	42	31
26	22	15	40	28	13
30	06	41	23	33	40
22	31	36	25	14	3
25	32	41	21	35	33
12	05	30	10	28	27
4	29	1	28	48	2
37	29	1	41	30	47
44	23	42	41	14	25
3	17	26	9	18	19
29	03	34	16	12	46
46	27	10	18	9	19
5	02	26	44	27	21
39	41	13	14	30	37
26	19	14	31	18	2
25	24	37	16	13	30
21	06	3	49	1	45
35	22	4	38	46	34
22	15	37	2	19	33
31	42	32	35	8	30
47	13	12	48	15	3
41	34	46	30	42	6
18	45	43	7	1	36
3	30	26	43	33	28
4	30	6	33	31	14
27	13	17	43	4	24
29	23	6	48	34	12
38	37	16	12	40	30
5	20	2	6	8	16
31	34	27	32	29	11
16	43	45	15	4	47
10	37	9	4	20	49
36	22	40	23	38	3
37	32	47	29	2	14
29	08	37	40	6	23
10	20	32	40	8	11
46	19	34	41	13	16
23	26	40	14	41	29
44	27	12	43	25	37
47	25	9	23	11	14
25	36	10	43	16	21
7	38	31	2	32	35
5	39	21	10	48	4
14	31	6	23	4	9
43	30	12	18	8	37
33	40	39	18	15	32
23	30	33	38	21	2
2	10	12	13	47	6
39	28	18	34	36	32
33	34	21	25	28	45
12	22	25	26	11	4
42	25	37	12	35	46
47	34	33	22	32	41
17	49	28	45	13	7
26	24	7	12	1	9
7	27	40	17	31	35
45	04	22	46	43	5
14	39	18	6	27	11
48	40	24	41	26	28
10	25	35	9	46	27
9	24	26	19	39	46
43	42	14	41	26	45
13	04	17	11	43	29
17	43	41	20	46	32
49	20	14	33	31	47
17	35	22	5	42	24
23	26	20	27	10	15
33	14	43	20	11	19
22	30	46	47	18	48
45	23	40	8	26	47
37	22	43	9	29	38
37	17	41	38	20	28
43	33	5	12	35	3
8	02	45	18	41	44
20	26	46	29	21	39
22	14	34	26	23	5
43	47	2	12	48	34
27	33	20	15	25	21
43	35	30	10	9	46
10	36	20	44	3	31
43	08	48	18	49	47
43	08	48	18	49	47
15	38	37	25	7	43
43	32	39	31	34	13
26	09	33	42	36	24
18	12	8	27	44	3
1	19	30	42	16	26
10	36	9	6	40	7
18	02	32	17	48	14
1	26	10	17	32	15
5	03	10	17	43	49
45	19	24	20	44	26
21	41	19	1	8	38
16	46	38	12	15	35
23	30	38	21	47	44
4	16	5	12	13	42
1	27	33	25	26	8
8	22	48	13	16	38
30	13	49	45	37	46
45	27	1	20	39	16
9	33	47	27	48	13
19	15	48	46	40	36
1	07	29	16	17	12
8	26	48	22	27	19
33	40	5	46	13	38
12	03	21	29	31	43
28	45	36	2	16	14
5	20	4	44	16	18
9	16	47	43	17	10
4	35	12	48	18	49
11	34	3	22	16	4
18	11	22	14	43	30
31	39	35	3	5	25
19	27	33	13	45	44
37	02	34	1	24	23
24	31	43	28	30	42
26	16	22	8	6	27
22	39	27	14	40	20
38	49	9	2	35	31
3	47	7	41	13	28
2	05	4	31	1	46
46	47	7	21	3	36
16	18	31	23	39	29
4	06	46	38	12	33
36	40	26	3	23	10
36	14	39	24	31	12
47	38	8	34	30	6
41	12	39	44	26	16
9	23	19	44	24	14
36	29	35	16	3	17
12	15	40	48	32	17
44	46	18	47	8	49
15	32	5	29	37	38
39	44	45	10	7	43
13	38	8	29	33	34
24	36	29	4	43	34
43	14	11	19	1	39
36	08	49	47	39	24
3	16	46	40	27	42
9	35	39	41	36	40
40	22	37	1	34	8
13	24	12	47	20	9
30	22	17	41	13	12
11	44	15	17	7	38
28	49	21	41	34	33
40	32	23	25	4	1
21	28	17	8	32	49
13	44	3	11	9	33
9	04	6	17	12	2
34	39	35	42	37	26
30	49	12	14	32	22
34	10	35	20	49	27
31	10	37	25	35	18
17	49	9	46	43	26
49	48	17	2	47	37
24	25	12	19	22	28
1	02	26	24	30	38
18	23	3	26	11	35
16	18	47	8	7	17
41	46	38	6	15	21
36	07	48	27	20	26
32	02	38	30	29	41
27	15	17	13	29	28
7	31	46	2	6	3
35	04	29	38	31	30
24	48	36	34	1	27
18	45	29	39	42	27
18	24	4	26	47	36
44	05	17	48	13	43
43	35	49	17	30	15
7	47	28	37	18	23
25	10	13	15	24	11
19	42	48	43	39	23
33	22	9	44	8	27
22	32	2	38	25	33
17	44	21	49	35	20
45	34	13	40	44	38
33	19	41	46	36	12
22	21	48	47	6	9
16	32	35	12	2	6
46	07	40	42	48	10
7	23	17	37	5	46
41	31	20	19	46	26
23	16	27	22	7	19
8	17	35	28	9	34
16	40	23	18	10	9
24	32	20	49	41	45
36	07	14	21	20	42
37	12	36	20	26	44
23	37	9	11	17	34
15	46	25	39	12	45
21	23	30	7	18	43
10	39	36	14	33	30
36	09	25	42	8	16
12	09	38	17	2	28
42	32	23	13	15	12
11	34	10	31	42	5
29	44	35	39	46	34
34	08	44	42	6	39
43	03	17	14	36	8
6	45	49	31	18	26
26	06	5	2	39	23
23	03	2	43	30	7
13	05	46	14	3	4
28	45	9	12	21	19
44	29	17	34	2	12
15	32	9	13	1	31
8	32	20	38	13	18
35	39	21	33	1	26
3	20	49	45	43	6
8	43	21	48	34	2
45	18	38	49	21	28
6	28	33	1	27	8
15	18	16	25	13	39
28	04	19	32	34	3
47	45	24	1	18	13
10	13	19	14	34	31
37	49	35	17	46	11
10	29	7	37	41	30
41	42	18	31	17	10
18	48	36	21	37	29
9	42	16	47	13	5
24	20	26	12	11	38
32	26	47	38	48	4
39	16	45	14	21	8
24	46	41	45	37	38
45	36	28	35	11	41
12	11	14	3	44	27
31	33	37	48	23	35
11	40	41	25	33	43
15	19	2	33	47	8
11	07	36	34	41	32
20	02	41	17	22	4
40	03	16	1	35	15
46	19	8	14	43	23
24	48	37	16	1	42
20	39	44	31	48	2
26	22	36	41	6	19
33	49	44	19	35	39
9	03	19	13	20	29
6	43	21	16	40	45
37	18	7	34	3	39
41	38	47	8	14	2
24	04	43	25	21	44
46	14	29	40	23	32
37	34	14	45	30	31
49	07	41	10	15	25
12	41	30	39	19	33
48	13	15	19	14	37
9	13	15	7	40	43
4	29	3	33	37	36
8	29	6	38	43	26
3	28	23	39	48	34
11	17	36	13	37	44
5	42	40	3	25	35
4	39	29	5	49	43
14	20	16	4	42	29
24	33	12	17	49	40
47	37	25	1	3	23
18	29	3	31	8	20
3	24	7	41	11	16
34	13	22	26	27	38
1	30	18	27	2	6
38	29	31	48	13	49
33	37	4	19	2	16
11	24	22	31	34	45
29	26	48	24	10	22
30	34	44	4	42	15
28	49	10	5	39	12
19	32	49	36	7	34
37	17	7	19	47	41
21	40	23	8	47	4
1	32	19	36	22	46
4	42	8	10	29	22
19	24	3	18	33	49
17	19	31	13	47	34
14	24	38	37	16	2
22	13	18	6	47	32
44	45	41	22	39	38
34	39	10	43	5	11
46	19	44	22	31	13
30	9	38	4	47	44
12	32	21	35	18	40
32	44	6	31	28	29
3	15	40	43	24	30
24	41	49	32	30	12
42	23	7	37	39	45
39	43	16	42	48	15
47	46	35	25	15	4
1	19	4	48	2	40
